50 52 295.6 -90 0 
95.3138 42.8339 154.51 -115.625 -3.5625 
82.2703 68.6562 20.2416 -215.938 -77.5 
82.2703 68.6562 20.2416 -171.938 -28.3125 
10.2934 78.1295 5.71549 -155.25 22.8125 
20.4902 67.7005 4.11805 -303.812 -42.9375 
93.151 2.84244 61.8729 -252.938 54.9375 
93.151 2.84244 61.8729 -181.75 15 
64.4465 16.7834 126.51 -255.438 7.4375 
79.0372 23.6708 302.084 -148.375 7.3125 
6.03563 14.8562 379.563 -80.5 5.75 
84.038 64.4788 562.287 -99.1875 -13.125 
49.0384 76.3229 93.843 -92.0625 -70.375 
39.8193 53.8053 17.583 105.438 40.0625 
53.0226 19.165 141.258 92.3125 -29.0625 
53.0226 19.165 141.258 -13.0625 -6.0625 
7.97669 6.76599 46.4204 -95.5625 -7.875 
